13522011
13522081
13522084
13522095
13522122
13522164
13522132
13523123
13523124
13523125
13523126
13523127
13523128
13523129
13523131
13523132
13523133
13523134
13523135
13523136
13523137
13523138
13523139
13523140
13523141
13523142
13523143
13523144
13523145
13523146
13523147
13523148
13523149
13523150
13523152
13523153
13523154
13523155
13523156
13523157
13523158
13523159
13523160
13523161
13523162
13523163
13519212
13522133
13523062
13523063
13523064
13523065
13523066
13523067
13523068
13523069
13523070
13523071
13523072
13523073
13523074
13523075
13523076
13523077
13523078
13523079
13523081
13523082
13523083
13523084
13523085
13523087
13523088
13523089
13523090
13523091
13523092
13523093
13523094
13523095
13523096
13523097
13523098
13523099
13523100
13523101
13523102
13523103
13523105
13523106
13523107
13523108
13523109
13523110
13523111
13523112
13523113
13523114
13523115
13523116
13523117
13523118
13523119
13523120
13523121
13523122
13622076
13523001
13523002
13523003
13523004
13523005
13523006
13523007
13523008
13523009
13523011
13523012
13523013
13523014
13523015
13523016
13523017
13523018
13523019
13523020
13523021
13523022
13523023
13523024
13523025
13523026
13523027
13523028
13523029
13523030
13523031
13523032
13523033
13523034
13523035
13523036
13523037
13523038
13523039
13523040
13523041
13523042
13523043
13523044
13523045
13523046
13523047
13523048
13523049
13523050
13523051
13523052
13523053
13523054
13523055
13523056
13523057
13523058
13523059
13523060
13523061
13523080
13523086
13523104
